7.5
93.5
-78
6.5
15
9
-99.5
-79.5
-38
-81
-88.5
54
65
-56.5
-30.5
95.5
-27
12
35
28.5
7
69
-72
46.5
-5
-12.5
-45
61
-4.5
89
26.5
32
-67
-84
8
63.5
-92
73
-24.5
-62
79.5
-79.5
75
24.5
25
24
-96.5
-20.5
-21
-52.5
80.5
-5.5
83
62
72
53
-8.5
-63
-6
-35.5
-82.5
-93
-6.5
-42.5
-14.5
8
19.5
-74
-7
-41
56.5
-14
-24.5
94
48.5
30
5
54.5
14
26.5
36
-63
-53
-58
-55.5
79
-9.5
79.5
-46.5
-66.5
-46.5
21
76
-55
40.5
-4
72
-94.5
60.5
74.5
29.5
-87
-52.5
13.5
20
-83
-67.5
-21.5
-87.5
55.5
-64.5
-24
80
-94
-16
64
3.5
15.5
1
-31
39.5
-40
-35
7
91.5
62.5
71
98
-1
73
55.5
-47
24
-84.5
-11
42
-85.5
-65
-63
-34.5
-2.5
-6
50.5
-80.5
19
-62.5
57.5
52.5
30.5
19.5
63.5
-8
-12
-30.5
1.5
-34
-38
-54
17
-79.5
-95.5
-13
29.5
30.5
-73.5
-15.5
-95
-81.5
-43
99
-50.5
-62
93.5
-80.5
-93
8.5
-89.5
36
19.5
-21.5
-73.5
43
-42
-58
88.5
72.5
19
28
98.5
-46.5
83
26.5
-84
54
42
-60.5
15
75
94
-45.5
-95.5
24
5
-66
48
30.5
81
-17
-45.5
83
-58
38
-61
-9.5
-67
-84.5
-2
-16.5
23.5
-1.5
62.5
38
27
-81
-65
95.5
-12
-65.5
34.5
-96.5
-29.5
-38.5
-72.5
7.5
-59.5
9
-82.5
-65.5
71.5
96.5
-12.5
-67.5
-80.5
51
5
-85
-69
88
-44
73
-48
55
-57
-68
-52
-31
-99.5
39
12
-98.5
20
-84.5
93.5
68.5
90.5
71.5
-2.5
-18.5
-38
52.5
-43.5
80.5
-68.5
-97
-85
86
-17.5
64
59
-79
38.5
-65
-98.5
-31
-60.5
-72
-14
62
84
-73.5
-62.5
86.5
42
-72
-96.5
-25.5
39.5
-94.5
98
29
-84.5
-64
-28
-39.5
77.5
-55.5
-34.5
60.5
-97
10.5
-57.5
36
-35.5
-25.5
-81.5
1
-90.5
-54.5
-73
-73.5
-15.5
-37
73.5
-15.5
-73
43
-41
89
50.5
10
-79
99.5
24
-18.5
58.5
-31.5
-94
60.5
-96.5
-44.5
-23
-4
28.5
94.5
90
-11.5
-40.5
-93
1
-17
-29.5
-55
24
-35.5
26.5
-3.5
-82
44.5
-2.5
-35.5
-72
87
55
-60
-60.5
-74.5
42.5
75.5
-63
4.5
-13.5
56.5
18.5
64.5
-26
-23.5
24
73
51.5
46.5
-38.5
54.5
-48.5
-57.5
3.5
26
-68.5
-94.5
23.5
48
-69.5
-42.5
28.5
-51.5
-75
-73
89.5
32.5
75.5
60.5
-41
24
8.5
38
30.5
-8.5
-58.5
27
49.5
-55.5
-53.5
-35.5
-91.5
-29
-33.5
0.5
51
-86
50
-89.5
-82
78
-66.5
-66.5
-5.5
-2
98.5
-28
71
16
-62
-26
44.5
47.5
-45.5
-85.5
-17
-85.5
36.5
-75
89.5
-37
67
36.5
-3.5
-37.5
25
-76.5
-92
95.5
-17.5
1
-9.5
-16
-44.5
-45.5
17.5
-22
-62
-63.5
-37.5
-83.5
-22.5
84
90
-93.5
18
71.5
98.5
14.5
84
11
40.5
64
-53.5
39.5
-48
-85
74.5
31
78.5
-1.5
61.5
1.5
-85
-88
-54.5
-80
36
-59
14
-84.5
-87
-54.5
-56
10
66
88
-26
-23
27
-81.5
-75.5
22.5
-27.5
72
-51.5
-24
-33
41.5
71
56.5
-69
53.5
75
-74.5
-61.5
-9.5
-38
37
18.5
-4
61.5
-19.5
-94
63
-24.5
88
91
-41.5
-30
-98.5
1.5
-62
2
-13.5
88
21.5
69
-61.5
-54
23
-74
12
-4.5
2.5
-54.5
79.5
-66.5
-5
61
-94
-69.5
-84.5
-21
52.5
-65
-97.5
-88
-96
-48
96
-80.5
-88
-57.5
53.5
-67.5
49.5
-37
-67.5
-9.5
-6.5
-66.5
30
-37
-12.5
-0.5
7
-22.5
-13
16.5
-6
-91
-2.5
-18.5
-57.5
-34.5
-8.5
68
11.5
-15
90.5
-34
71
-54
-3.5
-31
72
-54
-54
71
30.5
-27
50
3.5
70.5
72.5
-27
-81.5
43
40.5
44
37.5
40.5
-26
45
-57.5
2
69.5
-30
-71
-64.5
83.5
32
-77
96.5
-36
-86
75.5
-57
76
-20.5
-42
-91
89.5
-4.5
31.5
-85
5.5
-9
33
-1
-26
62.5
-24.5
35
8.5
-28
-52
61.5
-46
7
58.5
77
29
-10
59.5
-76.5
21
0.5
2
43.5
-66.5
5.5
-54
-32
76
19.5
-21.5
-99
17
30.5
-4.5
80.5
-41
57.5
84
59.5
-95.5
-23
48
-49.5
27
-42.5
40.5
-16.5
32.5
31
-17
83.5
28
13
-17.5
-46.5
-56
26.5
-12
-85.5
-73
-57.5
-63
84.5
70
-51.5
99
64
-1
-53
62
72
-22
4.5
-94
12
-75.5
95.5
23.5
66
79
-65
77.5
-43
54
85.5
14.5
-56
29
4.5
23.5
89.5
54.5
-95.5
56.5
-38
97.5
-35.5
-34
76.5
37
-69
-62
7
-29
94.5
87
90.5
-88.5
-27
40.5
-43.5
-60.5
48
-20
1.5
-68
-99
93
-57
-33.5
51.5
-94.5
-83.5
76.5
-42
20.5
99.5
-85.5
-39
-64
73.5
-14
-8
-55.5
0.5
-20
-4.5
-91
7.5
-27.5
88
-20
-43.5
-28.5
46.5
71.5
7.5
-77
-14.5
-74.5
-56
90.5
93
-56
85
55.5
-5.5
-62.5
23.5
-16.5
-9
72
47
-67
-10.5
-3
29
31.5
87.5
71.5
10
-56
26.5
-59.5
-73.5
-25
-36.5
-2.5
96
89
-72
-86
-93
32.5
32
48.5
-49.5
0
-33.5
-21.5
46
79
-81.5
34
-84
-46
55
-41
57.5
-0.5
-33
10.5
3.5
-68.5
39.5
-39
44.5
-67.5
-32.5
43
76
-56
82
79.5
94.5
-1
19
-57
-95.5
2.5
13
-24
4.5
22.5
32
-83
7.5
-80
2
98.5
-88
-94
-63
-52
-9
-73.5
43.5
-21
24.5
83.5
96
-33
-84.5
32.5
-95
-6
53.5
-31.5
-67.5
-92
13.5
82.5
-39.5
-55.5
-64
-77.5
-45
60.5
44.5
-30
-12.5
-30
74.5
59.5
-83
52
54.5
99.5
2
-13.5
46
58.5
-74.5
52
31.5
64.5
-59
95.5
-15.5
26.5
-39
23.5
60
44.5
39
40
91.5
-52.5
-36
-58.5
41.5
3
-24
-20.5
2
-65.5
-15
60
-25.5
95
63.5
71.5
33
-40
74
-8
6
-94
-13
-66.5
-74.5
87.5
-35.5
49.5
-27.5
27.5
-5
64
-93
9.5
21
-26.5
-51.5
-84
75.5
-92
-34
-6
-60.5
18.5
55
13
-86.5
-26
-14
31.5
80
88
88
-92
43
-96.5
30
-69.5
61.5
98
91.5
26
86.5
-0.5
70
-31
14.5
78
78
50
86
-10
62
-34
-41.5
82.5
-98
-85.5
89
71
60
-86.5
98.5
87
74.5
98
99.5
-94
-70
33.5
8
97
-72
-34
-81
47.5
-41
-11.5
40.5
80
17.5
-42
23
-51.5
-94.5
63
-78
83.5
-34.5
-32
42.5
-46.5
-92
-72.5
7.5
-25.5
-59
47.5
-35.5
25
-64
21
61
-8
-70.5
42.5
40
43
43.5
-51.5
64.5
-42
-64
-52
72
36
-10
27
-14.5
58
-19
30.5
-31.5
-68.5
43
74.5
-68.5
4
-47.5
18
9
60
6.5
94
-79.5
-17
2.5
60.5
-54
2
48.5
79
-16.5
1.5
-97.5
-57.5
-75
93
-4.5
-74
-80.5
16
-50
4.5
61.5
-14.5
60
93.5
75
-45
12.5
-40
42
-29
79
-78.5
73
-31
-85
83
12
-98
-6
76
94
-1.5
88
11
-51.5
-18
-11
-98
5.5
-44.5
1.5
28
8.5
-69
10.5
41
-35.5
-41.5
38.5
-38
-11.5
-20.5
15.5
47.5
98.5
-82.5
-87
-85
11.5
21.5
-49.5
-84.5
-75
-50.5
68.5
79
-81.5
42.5
-74
89.5
-87.5
77
-84.5
67.5
-25
-39
-64.5
98.5
73.5
-24
67.5
1.5
-6
-64
88
-95
-62
58.5
23
-43
15.5
85
11
63
-43.5
82
10.5
-62
-86.5
-92.5
79.5
-85.5
17
-85.5
-40
-49
-20
-38.5
47
-41
54.5
87
-9
85.5
70
77
-7.5
-70
-9.5
2.5
33.5
62
48.5
0.5
28.5
-77
16
-47
-4
77
98.5
-14
2
69
-59.5
34
86
42.5
96.5
-90
-48.5
80
-46.5
6.5
67
92
9
-10
81.5
-70
-69
86
48.5
-46.5
-74
-6
-49.5
-78.5
88.5
56
-37.5
-81
63.5
44
-7
65.5
99.5
-22
-92.5
60
-80.5
27
-30.5
-88
-94
-5.5
14.5
49.5
49.5
71
20
-2.5
-46.5
-19.5
11
93.5
55
65
98
-47
31.5
-4.5
-1.5
64.5
77
-11
64
41
-82.5
-2
-73.5
19.5
61
90
-87.5
-61
-83.5
-8
2.5
93.5
-80
-53
65
99.5
-84
70.5
86.5
-63
8.5
-17.5
27
61.5
26
-71
48
89
-3.5
-9.5
0
-30.5
99.5
95
7.5
-97.5
-69.5
0
-96
-86.5
13.5
-47
-6
49
-51.5
13.5
95
15.5
20
-46.5
50
0
-88.5
24.5
96
5
32.5
42.5
75.5
-69
-43.5
45
-87.5
-87
-1.5
-98.5
2
52
65
-57.5
-83.5
-49
-34
20.5
35.5
86.5
-99
-19.5
27
61
60.5
-28
-15
-75.5
91
68
-40.5
31
45
-96
-1
68
-33.5
-50
30.5
97.5
74
56
60
-52
-70
-25
-99
92
-0.5
-75
33.5
58
-25
-11
49
-19
-26.5
4.5
-85
12
-42.5
-52
8
94.5
73
12.5
23.5
71
30
72
-20.5
-68.5
-96
-58
-55.5
-85.5
77
-24
-97
70.5
62
58
39.5
42.5
88.5
-68
92.5
91
7
-70
-76.5
80.5
-88
24.5
-89
-53.5
-62
-0.5
84
79.5
-18
-14
33
-96.5
-63
18.5
-20
-11.5
4
-93
-21.5
-61.5
-98
-64
-30.5
81
20
6
-73.5
-89.5
84.5
84.5
22.5
19
93
25.5
63
-91.5
40.5
69.5
62.5
-15
-13
71.5
-55.5
55.5
-96
-32.5
76
-64
-39
49.5
33.5
-89.5
-47
73.5
29
72
-64
-79
-26.5
83
-40
9.5
78.5
72
40.5
-50
88.5
44.5
18
49.5
27
-11
44.5
1.5
-30
-2
38
-68.5
-62.5
56.5
1
84
-96
78.5
60.5
-14.5
23.5
74
-90
47
-37
-30
-46
90
-58.5
-95.5
-73
7.5
-45.5
-64
2
-37.5
0.5
-31
12.5
6
18
57
29
-25.5
-52
90
-70.5
67.5
88
28.5
-63
86
-68
-78
-1
9.5
53.5
91
85.5
24
-76.5
7.5
50
-31
91.5
77
39.5
60
-10
43.5
-35
-43.5
-16.5
93.5
12
17.5
-10.5
78.5
-16.5
6
74
-94.5
-72
95.5
90
45.5
-86.5
7.5
-65
85.5
-37
77.5
65
94.5
-7.5
-47
27
-74
29.5
39.5
48
-40
-17.5
36
-8
-97.5
51.5
-96.5
-40.5
-69
-92.5
25
-27.5
95.5
23.5
55.5
47
-44
-21
16
-66.5
-55.5
-4.5
-94
61.5
-10.5
-41
-15.5
80.5
11
73.5
9.5
-49
45.5
76
96
-41.5
-34
-35
-60.5
88.5
-34.5
-64.5
70
-78
41.5
28.5
-6.5
14.5
3
-28.5
-19
-95.5
66
10
20.5
-91.5
-70.5
2.5
7.5
-31.5
82
-70.5
21.5
-59.5
20
92
-70
-83
-59
-60.5
-76.5
-72.5
-31.5
-98.5
-91
46
98.5
-78
-6.5
93
-9.5
9.5
-73.5
81.5
19
-50.5
39
-50.5
70.5
95.5
28
55
-9
-17.5
-72
66.5
23.5
27.5
67
-1
20
89.5
-10
78.5
26
89.5
-90
27
-38
-82.5
-85.5
-89
14
-7.5
-10.5
28.5
30
-51
75.5
-75.5
-94.5
-49
-94
32
-9.5
77
-99
10
80.5
-27
48.5
-74.5
56.5
24.5
95
71.5
-85
56
-75
93.5
60
-33.5
40
91
-20.5
74.5
37.5
34
-21.5
-74
-80
-25.5
-66.5
-33.5
-45
78.5
-98.5
92.5
62
-35
-8.5
61
53.5
-86.5
-49.5
-99
-8
38
-65
18.5
-61
-66.5
-22
-53
-32
-33
-95
49.5
2
68
-77.5
87
-10
-6.5
9
-75.5
-45
-89.5
78
-10
62.5
-98.5
-27
51.5
81.5
-19
71.5
-67.5
30
-45
48.5
13
90
-6
77.5
41.5
5.5
-41
-3.5
-52
-91.5
-1
94.5
-32
-8
-97.5
-5
6
80.5
42.5
79.5
-72.5
-54
55.5
95.5
-13.5
-89
2
-0.5
-22.5
30.5
-97.5
47.5
2.5
-37.5
-24
90.5
-47.5
-76
-39
45.5
69.5
-52.5
15
93.5
-56
23.5
-61
-53
2
45
76
82
16
-27.5
-92
-10.5
17
-76.5
90
5
-26
81.5
-18
-39
26
80.5
-64.5
42.5
-75.5
-84.5
-77.5
90
75.5
-12
-92.5
-33
80
-87
47
-9
-15.5
65
-34
-89
-58.5
-5.5
97
51
-79.5
20.5
-66
80
94
92
71.5
46
45.5
83
62.5
-44
-93
17.5
-64
-29
44
-70
46.5
-78
-57
-93.5
-35
-44.5
-94.5
69.5
13.5
-10
75.5
93
-4
63.5
-90.5
-41
95
-62.5
-17
-77
-70.5
-23
-51.5
44.5
-14.5
-48
77
33.5
72.5
32
30.5
3
-45.5
54
65.5
-89.5
64.5
97.5
94.5
28.5
78.5
-14
-50.5
85
64.5
-60.5
22.5
-19.5
-67.5
43.5
-62
36
15.5
0.5
-40
-32
96.5
66.5
-29.5
-30.5
60.5
54
2
-68
32.5
-80
-20
73
57.5
62
-99
-13
56.5
-51
-21
88.5
40.5
-13.5
98.5
86.5
97.5
-16
89.5
-47
-98.5
-15
-38
-6.5
-87
-1
-64
37
-65.5
-55.5
-59
25.5
-90.5
-24.5
13
-85
22
-94.5
-40.5
-90.5
45.5
69
-35.5
8.5
-9.5
93
-83.5
43.5
-75
-22
-52.5
4.5
18
-38.5
-15
-27
12
-6.5
70
-75
-6.5
40.5
-98
-28
3.5
-89
-57.5
30
55
64.5
16.5
79
67
-76.5
59.5
10.5
-8
-53
45
-63.5
53.5
-81
-84.5
-52.5
-55.5
-62.5
-39
2.5
-6.5
85.5
-23.5
14.5
4
-83
95
-74.5
-24
-68.5
-32.5
86.5
78
-45.5
-8
74
-12
-24.5
59
99.5
64.5
-22
-66.5
48
15.5
-94
32
36
8.5
48.5
-20
40
-23.5
74.5
-34
41
21.5
8.5
-39.5
-93.5
-44
-81
83.5
74.5
24.5
-8
75
-45.5
41.5
-10.5
66.5
24
64
96
-71
-59
-16.5
54.5
-69.5
-25.5
3.5
37
12
-28.5
50
77.5
96.5
69.5
-24
-79.5
66
76
41
89.5
-63
-1.5
-9
-93.5
-33.5
-78
74
12.5
68.5
8
17
75
56.5
-65.5
23.5
61
-96.5
-64.5
89.5
57
-38
-19
7.5
31.5
-89.5
81.5
38.5
-8.5
36.5
-81
-91
3.5
10.5
-54.5
83.5
21.5
-86.5
9
-7.5
-63
-46.5
47
27
16
65
22
-89
59
-76
-4
78
-0.5
-74.5
0
74
-19.5
-69.5
59.5
44
49
79.5
60
77
-83
27.5
-65.5
27.5
83.5
-72
-62
7.5
-30.5
-33
-73
-68
-17
-50
-81.5
92
87
53.5
82
63
84.5
0.5
51.5
-24
44.5
-56
-13
-77
-66
78.5
-24
-10
19.5
-0.5
77.5
-18.5
30.5
-85.5
-2
72.5
39
13.5
57.5
57.5
46.5
-5.5
-73.5
0
-11
-36.5
4.5
61.5
-66
-99
-36.5
77
26.5
-2
79
-21.5
-57
-93
43.5
-15.5
68.5
82.5
-52
61
-5
89.5
-98
72
-88
10.5
-76
-67.5
-74.5
59
41.5
-3.5
-35.5
-70
50.5
1
-26.5
-37.5
-17
93
32.5
-16.5
-52.5
60.5
-57
76
-55.5
19.5
96.5
-92
-35.5
74.5
43
-70.5
56
-43
2.5
-73.5
-90.5
62
40.5
22.5
-61
99.5
-72.5
66.5
-4.5
-61.5
48.5
94.5
-89.5
-11.5
-94
5.5
-74
-83
71.5
-18
-88
-80
94.5
-43
-31.5
-41
-5.5
-31
-10.5
94.5
10
91.5
-88.5
-46.5
88
-36
7
55.5
51.5
-52.5
36.5
-74
-43
-56.5
-73.5
90.5
-46.5
73
78.5
9.5
-42
-16.5
16
-98.5
6
31
1
50
85
28
13.5
-39.5
11
15.5
13.5
64
-48
25
49.5
25.5
8
-1
86.5
83.5
-9.5
29.5
45.5
-8
-14.5
69.5
-7.5
-20
-87.5
-41.5
28
18.5
85
99
-63.5
-55.5
47.5
-73.5
-35.5
86.5
-21
94.5
47.5
27.5
-84.5
-61
-40.5
-71
-68.5
-90
7
66
-53
61
85
2.5
90.5
-74
-84
-42
75
59
57
72
-16
98.5
52.5
-88
56
-1
90.5
83
28
35.5
0
-73.5
-49
43
-37.5
-4
-15.5
14.5
89.5
-20.5
33
-59.5
-23
-13.5
67.5
26
-11
-53.5
32.5
98.5
4.5
95.5
-18
-16
91.5
-87
29.5
5
-34.5
-39.5
39
-23.5
-55.5
33.5
38.5
-74.5
-98.5
-91
53
-10
70.5
-34
-68.5
-77.5
71.5
48
1.5
19.5
64
16
88
88.5
81
86
-16
-77
-37
-68
50
21
81.5
60
9
-52.5
-93.5
-39.5
-51.5
-51
50.5
36.5
-88.5
-36.5
79
83.5
-1.5
97
12.5
71
24
-56.5
-44
-41
77.5
10
-80.5
29.5
-12
14.5
-42
-52
-96
72.5
71
-43.5
86.5
-15
-39
-45
98
23
-43
-16.5
-46
9
-66
17.5
50
88.5
99.5
28.5
75.5
24.5
-42.5
-68
67
18.5
13.5
39.5
39.5
31
96.5
-45.5
63
-58
-62.5
-16
-71
-58.5
14
-97
-17.5
-66.5
3.5
-16
-84.5
83.5
-86
-97
43.5
23.5
26
-89
29
-36.5
-22
-14.5
57
3
46.5
63
-85.5
-3.5
63
21
59.5
-72.5
-65
56
15
-38.5
41.5
-84
4
16
-38
70
4.5
65
39
27
-45
-89.5
23.5
-38.5
-73.5
18.5
-29.5
4
-63.5
72.5
24.5
-16
-74.5
48
-69
56
-73
65.5
-53
52
-62
-96
-51.5
-12.5
-76
-18.5
48.5
31
-8.5
0
39.5
-63.5
51
-61.5
31.5
91.5
-3
-82.5
32.5
-18
56.5
-72
1.5
61.5
-30.5
83
27.5
47
44.5
-59
-66.5
-65.5
-93
54.5
65
5.5
-86
-48
-39
29.5
60
-59.5
97.5
38
96
-53
72.5
-65
-72.5
69
99
-62.5
25.5
62.5
74.5
-80.5
-74.5
47.5
-11.5
-25.5
38.5
31.5
-31
50
58
82.5
-16
-23
14.5
-38
-54
0
-93.5
-40.5
-78.5
6.5
95
67
68.5
-92
-10.5
-5
15
33
-88
33
-78
30.5
-48
-94.5
-92.5
22
8.5
96
-33
34
70
44.5
-22
-41
46.5
-84.5
7.5
-14.5
-49.5
12
-3
82.5
42.5
60
-99.5
90
11.5
25
-33.5
-93
49
-4.5
-71
-13
-39
60.5
-49.5
72.5
94.5
-10.5
37
93.5
28
-3.5
-1.5
37.5
53.5
-64
28.5
-65
75
-66
84
10
63.5
76
-4
-77
78.5
71
-67
-26.5
11.5
-82.5
-32.5
87
69.5
-60
36
68.5
-26.5
27
-8
12.5
37
-18
43.5
-87.5
8
18.5
-47.5
-93
2.5
2.5
-17.5
72
-57
-13
-87.5
37
-53.5
-20.5
54.5
66.5
74.5
29.5
54.5
-77.5
-90.5
-0.5
-74
-85
-17
-71
-18.5
76.5
24
-54.5
66.5
57
-58
-94
26.5
-60.5
-2
99.5
43.5
-57.5
79.5
-15.5
-76.5
-63.5
-85
-2
-37.5
-90
-96.5
-87
-95
8
-45.5
-96
84.5
-17.5
-70
72
16
65
62
-74
67
-50.5
94.5
-21
10
36
42.5
30
18
-40.5
-89.5
-6
-6.5
-57.5
-85.5
80
98.5
-96.5
-46
-45.5
61
-87.5
-99
-65
14
-89.5
-76.5
45
-61
-75.5
0
-16.5
-42
-89.5
-62.5
-49
51.5
10.5
-6
8.5
13.5
-13
50.5
60
-15.5
39.5
-73
-0.5
-98.5
77.5
88.5
78.5
-61.5
-80.5
-30
-87
-7
-80.5
75.5
-54
97.5
-80.5
-90
46.5
-71.5
-25.5
31
-60
-85.5
-87
57
-78
89.5
-90
24
-56.5
-22.5
-9.5
-69.5
-48
98.5
50.5
96
-11
-59
-19
-60.5
28
-76
-34
50
14
-4.5
-56
-30.5
-97
86
-3.5
-14
-25.5
86
-6.5
-43.5
-33
29
-21.5
-89
82
26
88
94
7
41.5
-92.5
94
-29
-75.5
-12.5
3
-55
43
93
10
-15.5
94
95.5
66
-47.5
-16.5
11
82.5
5.5
31
35.5
68
40.5
-74
63
43.5
15.5
-82.5
29.5
71.5
81.5
-75
-81.5
-48
46.5
2.5
-14
99.5
-70
-33.5
4.5
96.5
-49.5
96
-13
-20.5
-78.5
30
16
-75.5
-98
-86
83.5
53
55
-84
-99.5
-27.5
-51.5
-98
41
44
-55
-45.5
-52
-51.5
95
91.5
-64
10
-95.5
5.5
75
-50
69.5
33.5
15
57.5
-58.5
98.5
-13.5
4.5
-97.5
2
0.5
-47
-46.5
58.5
19
52
47
0.5
53.5
20
35.5
78.5
11.5
-36
-66.5
-70.5
-96.5
3
-9.5
91.5
31.5
-81
63
60
-10
1.5
26.5
-23.5
49
77
98.5
87
-47
2
-22
31.5
-26.5
0.5
26.5
-34.5
13.5
-29.5
-35.5
-82.5
25
-70.5
75
-90.5
-55
81
-22
-35.5
-55.5
61
-82.5
86.5
-3.5
74
19.5
45
62
6
28
-14
88.5
-70
52
50.5
29.5
46
-89
-66
56.5
45.5
-98.5
-44.5
83
-7
48.5
63
-29.5
80.5
-92
-39
-61
-41
-19
51.5
39
-53
91.5
19.5
-30.5
53
23.5
-40.5
-67.5
72
69.5
64
56
15
73.5
-79.5
-9.5
-81
4
-14.5
-99
-75
-59.5
24
72
73.5
84.5
92.5
-53
-34
-20.5
-37.5
-94
-21.5
61.5
58.5
-31.5
-69
-20
39.5
-17.5
-29.5
-8
11
-16
71
-35.5
79.5
88.5
-13
81.5
-73
-9.5
94
66.5
-99.5
-63.5
6.5
-78
97.5
-51
97
18
-5.5
56.5
26.5
-79.5
-51
-9.5
77.5
-80.5
-74.5
-20
32.5
-54
-42.5
81.5
21
-58.5
15
53.5
-19
15
66
-30
96.5
82
-91.5
40
0
17.5
41
45.5
25.5
3.5
58.5
11.5
-1.5
-10
46
-26
51
86.5
22.5
-38.5
33.5
50.5
-87
-50.5
53
-37.5
4
-92
31
95
35
-59.5
54.5
-74
34
70
93.5
61
84.5
-28.5
25.5
4.5
38.5
11.5
-69.5
33
-76.5
33
97.5
-78
29
58
-59.5
92.5
26.5
33.5
58.5
-95
-7
32
68.5
-69
10.5
75.5
-70
-82.5
87.5
92
-6
-63.5
75.5
-64
-54
-71.5
9.5
-27
93.5
-88
-45
-31
-76
67.5
-52
78.5
26.5
23
50
-22.5
64.5
84.5
-6
79.5
-15.5
41.5
80.5
29.5
0.5
42.5
-57.5
53
-66.5
5.5
-77.5
26.5
54
78
-93
-27.5
-93
-18
19.5
-26
-26
-70.5
-37
-57.5
-97.5
74.5
-3
-82
-14
-17
45.5
-85.5
-28.5
-73
-8.5
83
67
56.5
-16.5
-97.5
-23.5
37.5
20.5
-44
96.5
-38
10.5
45.5
16.5
15
-53.5
-9.5
11.5
43
37
97.5
-17
-16.5
-33
-65
-53
0.5
23.5
-50.5
-88
61.5
83
-31.5
39
37
67.5
99.5
-21
-5.5
29
-41.5
-98
72.5
16
74
-4.5
-23.5
38
43
-53
-67
40
24
27.5
79
14
53.5
94
-75.5
-84.5
4.5
-73
47.5
-72
19
73.5
-46.5
-3.5
-72.5
-78
-97
22.5
-17
63.5
12.5
33.5
92
-6.5
86.5
-57.5
26.5
-18.5
-75
-69.5
74
-50.5
65
-68.5
45.5
-96
39
-99
72
19
-44
66.5
-65
3.5
-97
-62.5
62
-63.5
-31
-13
-66
97.5
8
99.5
-51.5
3
71
86.5
-99
56.5
-3.5
-36
-7
-94.5
91.5
7
62
-57
-16
55.5
98.5
-25
-84.5
-14
49.5
75.5
-83
-1
87
0.5
93.5
69.5
-37
-73
19
96.5
23.5
94.5
-13
6.5
84.5
-60
-19
-82.5
60
70
2
-19
-72
23.5
26
-66.5
-70
95
39.5
-25
-77
-33
10.5
-73.5
-45
-9
91
-25
-58.5
-14.5
-18.5
-34.5
-38.5
-40.5
69.5
-38
-78.5
77.5
-46.5
4
-28.5
90.5
0
-98.5
62
93.5
93.5
-50.5
1
-36
20
-10.5
89
-40
-36.5
93
-87
-19.5
-70.5
73.5
-42
93.5
96.5
-68
-79
40
-71.5
-32.5
-85.5
25
27
68
95.5
-84
-43.5
94.5
81
-51.5
-23.5
-94.5
-21.5
12
75.5
27
-14.5
34.5
65
-86
49.5
-83
-63
-93.5
23
44
98.5
33.5
25
14
78.5
90
55.5
-98
58
13.5
10.5
48
-91
32.5
94
-68
-17
25
-13.5
53
-95
-77
-48.5
39.5
24.5
64
46.5
-59.5
-93.5
-97
44
-10
-26.5
-94
57.5
-27.5
13
-14
-35.5
-19
-11
-67
20.5
52
37
-21.5
97.5
30
39
-88
-17
95.5
70
20.5
84.5
-53
38.5
98
83.5
13.5
61.5
-14.5
-1.5
77.5
-73.5
0.5
-62.5
-25
3
25.5
83.5
51.5
-56.5
-57
-21.5
55
-15
38.5
-97
-5
-83.5
43.5
7
-50
-26.5
17.5
-6
-92
3.5
-49.5
12
-33.5
-4.5
40
41.5
65.5
-72.5
-56.5
60.5
-17
-33
11.5
-65.5
-73.5
-6
-61
-46.5
92
-85
99
-33.5
-15
-61.5
43.5
-81.5
7.5
19.5
40.5
-97
61.5
-21.5
-49.5
-1.5
7.5
5
-39.5
5.5
-50
-22.5
-7.5
14
-61
93
-49.5
-39.5
94.5
-23
17.5
-30
78
-18
70
99.5
-7.5
78
44
39
70
-42.5
21.5
84
13.5
37.5
-36
81.5
21.5
49.5
64.5
-64.5
-34.5
85.5
4.5
73
25.5
89
47
-52.5
-73
-30
31
-9.5
-15
68
-61
0.5
-93.5
42
-77.5
34
8.5
79
49
64.5
-44
-93.5
30
65
-11.5
-89
-30.5
-76.5
-52.5
-47
1
-76.5
3
-51.5
65.5
49
-87
-66
85
-59.5
10
68.5
-70
74.5
67.5
31.5
82.5
52
66
18.5
-67.5
-81.5
-79.5
-92
-44
-32.5
67.5
-38.5
-84.5
-21.5
6.5
-22.5
-96
47.5
0.5
11
-12
-56.5
-84
-77
-75.5
98.5
80.5
79
87
3.5
-24
25
-36.5
95
61
-5
-42.5
9
12
47.5
88
-93.5
-13.5
65
49
37
24
-45.5
43.5
-83
-37
13.5
52.5
-92.5
73
91.5
80
30.5
-54
28
-99
69
-51.5
4
-59.5
-65.5
28
37
70.5
49.5
39
-15
30
43.5
-4.5
-86.5
-36.5
-2
-2
-49.5
71.5
39
45.5
99
86.5
-33.5
-20.5
88
-43
-77
-3
-57.5
-69.5
-44.5
-31
16
51
-30
-87
4
9
84
92
-15.5
-93.5
26.5
69
80.5
-15.5
-8.5
75.5
-99
93.5
79.5
-20.5
-89.5
-59
59.5
-79.5
56
80.5
-6.5
84
-5
92
-34.5
11.5
-50
-90
-42.5
-18.5
9
-20
-82.5
58
35
-72
-98.5
-5.5
-82
24.5
80
8.5
37
-64
-88.5
61
66
11
75.5
-58.5
83
35.5
-30
61.5
85
-72.5
34.5
-49.5
74
98.5
-76.5
43
31
-90
-21.5
91
-12
-88.5
76.5
-76
-49.5
99
27
-91.5
-9.5
-92
-92.5
-31.5
-49.5
-12
-59
28
-65
36.5
-95
11.5
-65
-54.5
97.5
31.5
-36.5
90
13.5
56
-93
91
48.5
22.5
-2.5
-85
-24
-28.5
70.5
61.5
-73.5
-21.5
-59
-55
96
-25.5
-38.5
25.5
17
-91
19.5
54.5
-35
-53
15
-86.5
47.5
82
-9.5
-6.5
27
-34
63
70.5
-39.5
9
-67
36
-73
-89
93
39.5
-37
16.5
-86
-78
-95.5
-42.5
87.5
-27
-38.5
82
46.5
55
29.5
16.5
30
2
-31
-93.5
-2
56
83.5
6.5
63
67
-40
-62
-40
92.5
70.5
-86.5
54
-7.5
75.5
74
-15
-1
86
77.5
62
-96
-49
-45
-31.5
43
65.5
-95
-41
54
38
8.5
-83
-74.5
82
-93.5
-82.5
-16
-40.5
43
-13
71.5
-26.5
12
57.5
39.5
6
56.5
40.5
50
35.5
78
-2.5
18
-94
7.5
-7.5
68
-50.5
62.5
-65
17
-44.5
13.5
3.5
-2.5
90
89.5
-45
55.5
8
24.5
-38
-82
23
74
23.5
-33
83
80
-78
97.5
-80.5
-18.5
3.5
86.5
37
77
30.5
32.5
82.5
13.5
-52.5
-8
-46
4.5
-84
-51.5
85.5
54
96
-64
28.5
-13
39
57
-4.5
65
82
95
44
18
75
35
-56.5
-42.5
-3
-98
12
27
-75
55.5
90
-20
43
59.5
78.5
71
-24.5
-58.5
-93.5
3.5
-48
88
59
-30.5
99
25.5
-35.5
13.5
86.5
-32.5
36.5
65
-97
-53.5
-74
-82
-94.5
-65
-20
-12.5
79
-83.5
-98
47
83
-51.5
35.5
89
-41
-98.5
-68.5
26.5
-7.5
75.5
20.5
-68.5
-71.5
-60.5
-9
92
-4.5
-99.5
94
-71
38
29
-70.5
-37
-38
-25.5
37.5
-15
-50.5
-42.5
-78.5
75.5
-30
88.5
50
14.5
0
45
-46
86.5
51
90
40.5
-29
18.5
-25
-24
-66.5
-27
-83.5
87.5
88
-12
87
73.5
39
-29
55.5
-16
74
-98.5
-74.5
-74
34.5
40
61.5
-26.5
23
-50.5
71
74.5
74
62.5
-38
38.5
-98
-43.5
-31
72
-71.5
-20
26
-68.5
-39
25
-60
-47.5
98.5
72
5
-58.5
-6
-79
61.5
74.5
-31
14.5
-36.5
-74.5
-86.5
68.5
-46.5
67.5
7
53
37
36.5
-63.5
99.5
50
-8.5
96.5
99.5
-16
-54.5
-90.5
33.5
-21
10.5
-84
86
-3
-78.5
97.5
-29
86.5
-70
-52
54
-47
33.5
-27.5
-77
23.5
4
-49
7.5
25
-29.5
64
-82.5
-97
82
29.5
47.5
-86.5
53.5
-22
-72.5
-61.5
-26.5
13.5
71.5
-96
48
52
92
23
-86.5
-21
4
-80
28
-74
-31
-21.5
86.5
-53
-8
-95
82
-52
71
71
5.5
-11
0
16
28
-38.5
-30
16.5
51.5
89.5
87
41
-83
9.5
-28
-97
28.5
-16
-36
-8.5
-17
-55
20
45.5
20
70
24
42.5
-95.5
99.5
0
-34
-73.5
-9
92.5
-62.5
8
-97
-35
-60
61
-53.5
-31
-91
-43
91.5
-88.5
-89.5
20.5
-38
-24
-44.5
-23
-84
-54.5
27
51
19.5
70
-38.5
-20.5
69.5
-99
-16
-96.5
58.5
-49.5
68
74
24
-9
39
3.5
-42
4.5
64
39
-48.5
1
75
51.5
39.5
-52
-0.5
15
-90
-24.5
46
43
38
-92
97.5
72
-14
-16.5
-63
-8.5
-5.5
-54
-38.5
49.5
33
60
18
93
35
-66.5
4
-92
-40
-18.5
-90.5
29
-81
-22
-85
-46.5
64
88.5
-97
-54
-26
57.5
39.5
-30.5
24.5
-38
95.5
60.5
-12.5
76.5
11
64
56
63.5
-22.5
-86.5
13
-35.5
22
42
-81.5
-73
49.5
-10
-67.5
94
19.5
68
-76.5
-11.5
-83.5
-20
-69
-13.5
30
13
79.5
-44.5
46.5
-13
-8
-58.5
-83.5
50.5
25.5
-7
-68.5
12.5
57.5
80
-27.5
-73.5
11.5
44.5
58.5
-7
-28
15
33
43.5
29.5
31
-33.5
66
-15
30.5
-69.5
14
-59.5
7.5
-96.5
89.5
-71.5
2
99.5
12.5
-11
-32.5
-37.5
-85.5
-59.5
-48.5
61.5
-22
-69
4
-6.5
-26.5
2.5
53
79.5
16
-77
83
60
-3.5
-99.5
-29
-60
82
18.5
-49
-78
34.5
-77
-67.5
25
-49
-29
-15
67
-80.5
-34
91
-80.5
88.5
-88.5
-63
73.5
57
-13
32.5
-20
51
-95
-90
-68.5
62.5
-95.5
-37.5
-80
60
18
-10
0
19
1.5
66.5
86
-51
42.5
-26.5
-47
19.5
-64.5
-47
-16
58.5
78
-91.5
61
-46
-54.5
-73.5
-33
-80
0
27
67
-39
40
-50
16
-72.5
-74.5
-12.5
-73
-93
74
-6
59.5
64.5
-49.5
-23
-13
-81.5
23.5
68
19.5
22
-36
80
66.5
-81.5
51
69
-79
-90.5
-70
66
-59
43
-76
76
-19
89
-9.5
-57
-76
68
59.5
42
76.5
-66
50.5
-20
-36.5
-66.5
-25.5
22.5
-67
79
-31.5
58
34.5
-39.5
-4.5
75
-56
69
47.5
-78
-52
-27.5
-87
-68.5
-28
-66.5
-13.5
18.5
5
25
87
94.5
14.5
87.5
-37.5
3
26
28
-27
59.5
-52.5
-90
-80
-90
59
82
-13
42
15.5
-62
20
-96
-91
5.5
50.5
93.5
48.5
-86
-74
-29.5
-71.5
-30
73.5
6
38
-81
57
-52.5
11
-33.5
-14.5
-10
-39
-20
-19
-25.5
-52
-11.5
-12
-49.5
70
3
-66
-31.5
1
16.5
8
45
79.5
-42
86.5
-16
89
61
-95.5
35
4
-38.5
11.5
62.5
68.5
-86
35.5
-86
-57
6
11.5
1
-7
-99
19
74
74
68.5
38
56.5
-48.5
-45
18.5
-39
-63.5
-25.5
18.5
-43
-3
50.5
19
55.5
73.5
53.5
-69
-39.5
30.5
-65.5
71.5
18.5
40
40.5
55
-41
-32.5
-88.5
7
48.5
44
-83
29.5
-25
11.5
-28
-19.5
42.5
27
54
19.5
-29.5
-10.5
-21.5
-15.5
-98
13
96
-69
76
83.5
-66
-70.5
74
-56
75
-20
-45.5
-4
6
-26
16.5
8.5
57.5
25.5
-89
73
-29
-5.5
-35.5
-48
-71
8
-62
46.5
-23
-33
8.5
31
-28
93
-86
5
42.5
-55
24.5
73
76.5
60
21
82.5
57
-39
-6
-9
-3
7.5
-87
7.5
-35
19
10.5
53
-43
-50.5
-3.5
-22
-73.5
69.5
66.5
40.5
72
68.5
30
53
94.5
-94
-38
-70
88.5
4
-99.5
-51.5
-96
-89.5
-56
56.5
-5.5
77
-81.5
-42
-39
-91.5
28
-36.5
46
81.5
92.5
6.5
7
-10
93.5
15.5
15.5
24.5
-1.5
-28
-36
7.5
23.5
-62
74
-41
11
31
-47
13.5
-17
16.5
-47
-45.5
96
-32
-6
12.5
-50.5
-53.5
-65
64.5
79
47.5
-60
-83.5
-77.5
97.5
-3.5
-41
1
-34.5
34.5
52
-69
-5.5
59.5
88
47.5
53.5
-12.5
-48.5
43.5
-28
64.5
-71.5
-4
-19.5
-78
-51
36.5
68.5
-6.5
-20.5
-57.5
-4.5
-34.5
-86.5
-43
59
17
-15
-30.5
71.5
73
17.5
95.5
-16
-51.5
83.5
-13
-32.5
55
56
5.5
47.5
79.5
58
8
-10
54.5
-33.5
-69
-10
56
65
-18.5
-4.5
59.5
12
-1.5
-87.5
60
-83
-32.5
-30.5
32
-60.5
53.5
4
60
21
-9
-50.5
94.5
-65.5
-8
64.5
-35.5
81
-41
34.5
18
98
-80
75
62.5
-59.5
-45
-47
-36
-14
61
-76
42
21.5
-68.5
-39.5
64.5
-97
36.5
75.5
-74
-96.5
-63.5
35.5
17.5
-59
5.5
-0.5
79.5
30
86.5
25
38.5
1
86
31
-22.5
-92
91
-77
-31.5
-23
-9.5
-96
-33.5
-67
-89.5
73.5
29
76
92
-92.5
16.5
88.5
-45.5
-2
-57
-76
-43
-16.5
47.5
51.5
-3
-4.5
-31.5
76.5
-24
-13
-95
-60
-70.5
-19.5
-20
-43.5
9.5
-63
-58
41.5
-1.5
41.5
-28.5
79.5
-78.5
-41
-61.5
34
-46.5
18.5
-88
-23.5
42
-71.5
-78.5
37
68
-18.5
79
-96
33.5
61
-96
20.5
-32.5
-13
-97
-43.5
78
-29
-30
-72.5
-53
11.5
-94.5
-5.5
-24
-4
-69
-76
-54.5
58
34
-23.5
-66
-38
-7
-99.5
20.5
50.5
-64.5
99.5
-4.5
82
-35.5
-20.5
24
19.5
61
90.5
83.5
5.5
-41
5.5
8
-91.5
-14.5
12
41.5
43.5
45
66.5
31.5
23
-10.5
-1
-60.5
24
58.5
-57
27.5
1.5
-82.5
-23
78.5
-59
8
-19
57
28
-90.5
86
72.5
-8.5
-38.5
-36.5
-24
-67.5
60
30
75.5
84
-51.5
-70.5
-72.5
45.5
-82
28
-22.5
39.5
96.5
-40
13
27
50.5
-6.5
-4
76.5
50.5
62.5
33.5
60
-29.5
60
-16
-37
36
-58
8.5
1.5
-99
-13
38.5
-82
67.5
-47
75.5
-5
-51.5
63
35
-46
-72.5
-20.5
-32
-31
-48
-94
67
57
-46
-25.5
-75
27
37
-79.5
-4
-68.5
-52
33
30
39
88.5
78
9.5
31.5
-14
11.5
-79
47
25.5
22.5
50.5
-76
78
-84.5
9
-96.5
-47.5
-16.5
-55.5
35
44
-76
33
38
-90.5
68
58.5
-67
52.5
20
-55
34
-29
36.5
-91
66
-10.5
-69.5
45.5
-15
18
45.5
-31.5
-23.5
33
-3.5
-99.5
96.5
-64
-13
-35.5
16.5
-93
92
-37.5
74
-73
-13
19
-47
90
6
-12
64
52.5
-38.5
58
60
-11
28
60.5
59.5
49.5
64
6
-96
49
-31.5
86
43
-34
-78
2
-39
-32
66
78
-47.5
23.5
57
51.5
10.5
98.5
-34
87.5
71.5
-95.5
97.5
-62
-42
47
40.5
-99
-72
69.5
53
66.5
-37
60.5
63
-45
-99.5
-13
96.5
-73.5
71.5
33
-33.5
28.5
-54.5
-23
86.5
17
-1.5
89
84
-87
48
79
-93.5
51.5
78.5
-89
25.5
13.5
-41.5
61
-72
-76.5
-31.5
10
-87
3.5
-14.5
99
-40
-80
42
-66
-95
85.5
-64.5
31
-26.5
-37.5
4.5
-47
-18.5
9
-81.5
17.5
69.5
2.5
62
-2.5
94.5
23
-61
42.5
-13.5
-77.5
96
-65.5
-4.5
-32
-73
8.5
0.5
75.5
61
-7.5
-42.5
-88.5
4
-32.5
-55
-76
36
98.5
-28
48
-4
48
84
-9.5
-28
-63
-64.5
-10
-62.5
0
10
-42.5
35.5
54.5
-91.5
88
-86
-90.5
65
39.5
42
6.5
-95
-30
-61.5
-54
52.5
85
-9
-84.5
-78.5
-0.5
-22
-29
5.5
56
72.5
23.5
42
69.5
-3.5
51.5
-84
-53.5
-55.5
86
79
-18
85.5
-39.5
-82.5
-23.5
-71
14.5
15
32.5
41
-9.5
-75
-72.5
-86.5
-62
86
-6
-98
57.5
-10.5
-25.5
-38
-21
-39
21.5
3.5
61
74
43
-30
-29
42
-56.5
71
32.5
58.5
64.5
-53.5
-61
-48.5
8
-38
-92
8.5
70.5
-35.5
45
-23
-52
-50
46.5
14.5
-62
-24
97.5
47.5
36
32
10
-74
94.5
52.5
48.5
14.5
37
-3.5
-53.5
55.5
9
-64
68.5
50
-65
93
90.5
2.5
34
-55
86.5
17.5
-63
15
-14.5
-60.5
4.5
-80
-84
-40
-83
11.5
14
1.5
-51
58.5
77.5
60.5
-26
-59.5
-55
43.5
-11
57.5
-25.5
46.5
-94
3.5
79
2
45
85
-77.5
-83
80
-1
-36.5
-2
-52
-79
72.5
34.5
-7
4.5
-9
97
32.5
-41.5
46.5
-60
62.5
7.5
50.5
7.5
44
22
-0.5
-10
-89.5
86
-73.5
19.5
10
35.5
88
26.5
42.5
-74.5
24
59
49
-12
50
24.5
-74.5
-61
24
18.5
40.5
-57
-7
-61
-46.5
-38
13.5
-30
56
-26.5
36.5
46.5
10
-54
24
72.5
90.5
-9
23
14
27
-87
4.5
-33
68.5
-48
56.5
43.5
74.5
58.5
15
52.5
-69
-59
-38.5
-67
-62
75
30.5
65
51.5
-71
-12
-45.5
-36
-46
-39.5
-72.5
-96
11.5
-86
-6
34.5
31.5
-42.5
-80
-15.5
-37.5
64.5
-40
10
51
70.5
-88
-71.5
56.5
-89.5
80
-47
12.5
43
68
-76.5
-18
-2.5
33.5
-13
85
15.5
-47.5
-15.5
55.5
1.5
-88.5
-6
31.5
-74.5
57
-28.5
31
-63.5
-78.5
77.5
-96.5
31
7.5
84.5
-81.5
-5.5
8.5
-46.5
63.5
-40
78.5
92.5
63
-40.5
-25.5
14.5
-35
12.5
-37
85
25
-4
-34.5
18
-38.5
24.5
49
2
-80
35.5
-33
-57
45
12
87.5
-79
-48.5
-91.5
-39.5
-95
-58
59
65.5
-26.5
-77.5
46.5
-32.5
-50
-63.5
93.5
-40
33
-92.5
-43.5
95
-33
-14
30
21.5
36
-50.5
-37
-72.5
20.5
56.5
-88
-6.5
-45
43
-88
-78
19.5
99.5
52
96
-84
57.5
-41
39.5
19.5
28
15.5
-49
97
-48.5
-63.5
6
-67.5
-54
-13.5
-28
-36.5
-94
-15.5
71
92.5
63.5
44
-48.5
-55
77.5
21.5
-21
49.5
51.5
96
-23.5
60
57.5
35.5
-65.5
16
-44
-22.5
-90
36
-68
76
-31.5
-78
-19
87
69.5
-94
32.5
-2
80.5
25.5
89.5
-1
-22
-5.5
10.5
-3
-55.5
65.5
85.5
-32.5
-53.5
6.5
-43.5
-13
43.5
-91
60.5
-67
-52.5
42
-46
-21
61
80.5
37.5
51
-40
-77.5
47
-97.5
-77.5
-81.5
81
19.5
-45
91.5
64.5
-40.5
16
-7
-42
87
-22.5
11.5
-39
85.5
-70
-54.5
22
95
84.5
-31
-22.5
-4.5
44
86
98.5
-4.5
-82.5
-56.5
-1.5
-52
69.5
-24.5
-21
-59.5
68
-63
-3
22
-43
12
-83
29.5
-56
13
39
-4
12
80.5
-10
33.5
-90
60
-96
67
-63
-57.5
-7
11
-84.5
84
-7.5
90.5
-23
40.5
-98
-5
-90.5
4.5
-4.5
-41.5
81
83
83.5
-85.5
86.5
-32
35.5
-83.5
19.5
-44
90.5
-58
-21.5
18.5
10
-14
98
64
-94.5
72
44
13
23
-86.5
72
-24.5
32
85.5
33.5
32
90
-13.5
-89
26.5
-11
18.5
-37
-2
-23.5
-18.5
99.5
-22
-63.5
58
-96.5
-24
-75
55
99.5
73
95
-42
-20
61
-67.5
26
76.5
-80.5
41.5
-70.5
-17
1
-99
35
7.5
23.5
-71
-97.5
-38.5
-12
-94.5
-76
0.5
0.5
82
-34.5
-46.5
-93
15
-13.5
-59
-59
22
19
-12
95.5
-81.5
-34.5
-44
-61.5
-66.5
40
60
18
-42
3
22.5
-83
-84
56.5
29
96
50.5
9
-46
-34.5
-99
39.5
-63
-40.5
14.5
-43
-22.5
73
56.5
67.5
81.5
-88.5
30.5
-59
37
-92
26
99.5
-98.5
-73
-43
-76
32
2.5
27.5
-44
64
23
-54
-93
85
24
44.5
-25.5
-40
-62
62.5
84.5
-6.5
-7
88.5
58
-97.5
-3
12.5
82.5
-16
95
-22.5
-25
-58
-80.5
-53.5
80.5
-68.5
-46.5
31.5
93.5
1.5
-80
-42
34.5
-69.5
88.5
-45
3
-48.5
44
26.5
77.5
46.5
-75.5
26
-5.5
82.5
98
26.5
8
-55
34
35
-97.5
86
-70
-92.5
96
-19
-17.5
78
-97.5
17.5
-29.5
12
99
-91.5
29.5
-25
92
-9.5
-38.5
-32
-63.5
48.5
-11
57
-9
-23.5
4.5
-67.5
-30.5
76.5
70
-68
-79.5
73
83
27.5
53.5
-18
40
1.5
-46
51.5
38.5
6.5
-46.5
-8
2.5
-51.5
-6.5
-45
-81.5
-90.5
33
-48.5
14
53.5
-79
49.5
-28.5
-55.5
19
-48.5
-30
99
-91.5
83
34
-93.5
-39.5
60.5
-24
96.5
36.5
-8
-70.5
-69
38
83.5
72
18
-99.5
-46
-75
37.5
-58
38.5
56.5
29.5
85
90.5
81.5
-44.5
31.5
96
-89
30
93
-77
19
52
-22
-61.5
82.5
-79
-62.5
66
-22.5
87.5
58.5
-25
45.5
21.5
-19
50.5
84
-51
96
-85
11.5
-3
11.5
-25.5
-67
-5.5
-63
-49
-60.5
-94
9
-55
-76
47
69.5
83.5
-54.5
72.5
43.5
62
-0.5
60.5
-50.5
26
41
38
-75
-27
-2
73
24
92
-62.5
-46.5
87.5
9.5
-22
-93
-84.5
90
-96.5
88
87
72.5
52.5
-11
22.5
-40
-35.5
10
-1.5
-2
58.5
-14.5
-85
24.5
-53
-11.5
-51.5
37.5
-50
33
12
-29.5
-29.5
-13.5
-11
70.5
94
87
78.5
55
-44
-50
83.5
44
-52.5
-2
-89
-51
60.5
48
77
-83.5
6.5
-63.5
-17
-30
5
77.5
84
-38
34.5
17
17.5
64
-23
50.5
91.5
53.5
82
72.5
-14
-48.5
23.5
22
41
54
44.5
61.5
-90
-96
91.5
-27
-70.5
-12.5
-26
9.5
-44
63.5
-26
45.5
8.5
19.5
2
62
-12
86
-10.5
82
38
43.5
29.5
-2
54.5
90.5
64.5
-29.5
56
32
-99.5
90.5
-37.5
68
-59.5
47.5
88.5
-26
-3.5
31
-2.5
-62.5
89
-44
30.5
53
90
-41
3.5
-88.5
24.5
95.5
23
99.5
86
70.5
-19
82
-19.5
99.5
78
12.5
-64.5
-30.5
96.5
91
-19.5
-80.5
-1
4.5
68
9.5
22.5
15
-8
85
36
-4.5
99.5
49.5
54
71.5
30
48.5
-90
-64
-35.5
-97
-87
-42
22
-74
-50
57.5
-41.5
-84.5
90
29.5
-17
-61
-69
-17
19
98
-11
-52
34.5
-52
32.5
-41
54.5
-22
-83.5
-34.5
14.5
23.5
54
39.5
-48
94.5
26
-59
-77
45
49.5
48.5
-38
-3
30.5
-6
41.5
-87.5
-26.5
-69.5
-51.5
84
45.5
35.5
9.5
-28
38.5
78.5
-1
18
18
-59.5
26
75.5
89
-79
21
-43.5
-4
99.5
99
36.5
-44
-95.5
91.5
-77
66
43.5
-22.5
24.5
-20.5
76.5
-20
-69.5
-91.5
51.5
42.5
-65.5
-86
-35.5
7
98
-49.5
-13
17
9.5
44
31.5
-58
88.5
-13.5
47
-31
-52.5
87
36
0
-33
-20.5
-10
-39
55.5
16.5
16
55.5
58.5
57.5
-24
34.5
-99.5
-61
-73.5
-20
1.5
53.5
-37
-2
76.5
-43.5
-90.5
-77
7
64.5
22
-8
-59.5
9.5
78
-67.5
-4.5
30
40.5
-84
-71.5
-57.5
93.5
-32.5
56
-41
-20.5
50
97
9
86.5
-39
-63
14.5
-72
11.5
73
-77.5
82.5
60.5
-68
-40.5
23
-42
75.5
-8.5
31
22
-72.5
-61.5
93
-83
74.5
59
-8
55.5
24.5
89
78.5
-85
-73.5
-77.5
-78
-19.5
24.5
-16
-50
71.5
-36.5
-21
21
58
-68
88
61.5
37
91
44
68
53.5
-99
-9
-91.5
-77.5
47
-97.5
-93
-71
82
95
26
1
-75.5
-76.5
78.5
-43
83
6.5
-5.5
-76
-8
35
-95
-48.5
13
-63.5
81
52
-82.5
-71
58
82
70.5
-20.5
56.5
3
28
-68.5
22
5
-63
-29.5
-61.5
-97
-36
88.5
-68.5
-19.5
-37.5
86.5
30
40
-5.5
-77.5
72
70.5
72
-89.5
48.5
-55.5
99.5
-84.5
-32
4.5
-23.5
-2.5
77
69
20
0.5
16.5
49.5
-64
68
-4
-95
-94
39
-78
-71
-47.5
5
-87.5
2
84
-92
-28.5
20.5
53.5
-73.5
-69.5
35
33.5
99
20
2
48
19.5
65
25.5
68.5
9
-29
67.5
-31
75.5
-17.5
3
-29
-32
28
35.5
-44.5
3
35
-8.5
-1.5
16
-55.5
2
59
-38
-60
77
85
-85
24
-64
93.5
12
80
5
-21
-1.5
17
-54.5
53.5
10.5
-6
-67
-12
10
29.5
97.5
-6
4
94
-90
55.5
55.5
38
58.5
-89
93
77
65
30.5
64.5
-15.5
9
-83
61
55
50.5
77.5
89
10
-22.5
46.5
78
67.5
-95.5
-98
7
-45
65.5
-81.5
4.5
-61
-11.5
-70
76.5
12
82
-29.5
52
-84.5
87
54.5
74
65
-41
18.5
25
-9.5
18.5
-60
-62.5
82.5
-55
-99
8.5
-91
-2
80.5
29
32
-91
79
56.5
-21
-41.5
6.5
-33.5
7.5
-81
23.5
-3
6
-46
-10.5
-55
-66
10.5
80
50.5
8.5
-62.5
13
-47.5
13
-9.5
-56
25
-5
14
-35
-17.5
-91.5
-70
3.5
-13.5
51
2
-77
47.5
-66
28.5
-3
29.5
-37.5
12
-8.5
45
42.5
21
59
-3.5
81.5
-28
-89
-42.5
-87
24
22.5
-47
43
73.5
-80.5
-25
99.5
-98.5
-68
46
28.5
-35
-94
-13
4.5
10.5
1.5
0.5
-55.5
38
-82.5
-54.5
68.5
-89
-46.5
76.5
92
65.5
59
-77.5
30
-3
13
-33
-7
70.5
31.5
-60.5
-81.5
68.5
36
94
-39.5
-10.5
-25.5
45.5
64
-63.5
56
19
16.5
-87.5
-54
-99.5
-29.5
30.5
-9
-59
-48.5
78.5
43.5
-88
-44.5
12
45.5
20
-88
-10
-77.5
-56.5
68
-98.5
96
-24
71.5
54.5
-49.5
-39.5
27.5
-75
-33.5
59
-83.5
-54.5
24.5
-95.5
84
-39
-75
-5
-53
-49.5
-20
0
-85.5
-75
81
-55.5
-4.5
16.5
29.5
-63
-21.5
79.5
63
-51
-45
-82
36.5
99.5
-6
-95.5
-13
-23
-39
26
-76
4
-33.5
42.5
-49
2.5
63.5
22.5
96
-98
-11.5
-19.5
79
34.5
76
-28
85.5
79.5
-52.5
91
-25
68
52
-46
-67.5
-73.5
1
1
-85.5
27
-35.5
30
-89.5
-93.5
35
67
-28
-27.5
-28
34
62.5
-13
40
17
-45.5
8
-30
-99
12.5
63
-16
52
61.5
28
62
63.5
67.5
37
-13.5
-63
94.5
25
-86.5
-4
-56
72.5
31
86.5
-98
29
-24
40
-14
-57.5
-13
-32.5
-4.5
79
-94
5
27
-41.5
16.5
62.5
47
-31.5
-58.5
-21
49
95.5
11.5
85.5
1
-43.5
-86
-25
-87
17.5
34.5
81
-25.5
-51
-73
44.5
74.5
-51.5
-63
-42.5
-54
31
-5.5
31.5
40.5
29
35.5
61
-28
38
93
-40.5
-96
3.5
-41.5
21
-76
76.5
46.5
8.5
-60.5
-33.5
-94.5
15.5
42
92.5
30
10.5
56.5
-99
87
24.5
-68
-4.5
5
-27
11.5
-64
82.5
-48
-55
-94
-65
-31
-64.5
-87
-23.5
3
-8
97
-83
-69
74
5.5
-15.5
-25.5
5.5
-63.5
36
-12.5
-90
29.5
39
19
15.5
54.5
-55.5
90.5
20
6.5
61.5
67
94.5
19
39
-94
-1
-15.5
88
-59.5
83.5
-27
98.5
41
64
20
-52
-22.5
-59.5
-22.5
57
-32
32
-86.5
33.5
86
-5.5
-52.5
88
40
6
82.5
-61.5
-28
37.5
-10.5
27
16.5
78
45.5
-79
92.5
-8.5
-23.5
82
-33.5
26.5
-26.5
-87
-89
-68.5
62.5
-89.5
77
-0.5
96
-52
-36.5
-97.5
88.5
14.5
91
53
17
-37
59.5
-41.5
1
85
85
8
-34.5
-21.5
46.5
-49.5
-89
30
-73
-51
12
80
40
32.5
-75
65.5
-6.5
13
-67
-88.5
-50.5
-17
-5.5
15.5
-54.5
78.5
14.5
66.5
17.5
6
-38
95.5
-57.5
-40.5
-15
-40
50
68
43
6.5
9.5
-24
-82
-44.5
60.5
98.5
-38
26
-67.5
59
-65.5
53
-30
94
38
67
39
-57.5
81
34
-4
-1
43
-83
-85
76
32.5
-74.5
62.5
-11
90
72
-83
10.5
19.5
12.5
-31.5
10
-71
-43.5
-40.5
-75.5
-49.5
-20.5
43
38.5
-15
-99.5
-70.5
-22
-82.5
1.5
15.5
39
-92.5
-85
84.5
70.5
-73.5
27.5
70.5
67.5
16.5
-95
34
9
-46
-34.5
53.5
21
99.5
-21
29.5
18.5
20.5
37
-88.5
70.5
3.5
90
46
46
-83
88
23.5
44.5
-36.5
58.5
-4.5
4
-65.5
-40
-92
74
50
79.5
8.5
-90.5
52
4
-36.5
-82
-10.5
58.5
-6.5
-79.5
-29.5
-99
-57.5
41.5
48.5
-14.5
-98
18.5
11
74
45
-11.5
-94.5
-38
84.5
88
-34
-64
44
-49.5
34.5
62.5
-54.5
77
-53.5
77.5
-39
-86.5
-17
-58.5
-28.5
-27.5
84
28
35
-54.5
39
77.5
-40.5
-20.5
81.5
79.5
9
-43
-41
73.5
-24
84
-62
-32.5
15
11.5
-0.5
-46
46.5
27.5
89.5
-27
8
69.5
73.5
46.5
30
36.5
47
69
41.5
-33.5
4
-28
65
-96
-4.5
-17.5
38
48
-53
-63
73
-48.5
-64
57.5
96
-10
-96
42
78.5
83
71
-3.5
-35.5
75
-83.5
-90.5
93.5
-90
-4.5
-81
-79.5
-16
94.5
94.5
76
77
41
-71.5
-20
-48.5
-21
64
-25
96
86
-60
23.5
68.5
-73.5
-32
17
70.5
37.5
-40.5
5.5
37
-39
59
-54
78
86
-19.5
33.5
22
23.5
62
-5
-18.5
-48
-53
74.5
61.5
13
-69.5
2.5
-61
4.5
17.5
46
81.5
83.5
-9.5
-88.5
-96
6.5
46.5
-6.5
50
-18.5
63.5
73.5
-1
-5.5
-90
39
-57.5
-9.5
-98.5
71.5
68.5
-16
-62
-70
58.5
33.5
99
18.5
-13.5
11
58
74.5
-56
76
78
-39
-65.5
-46.5
26
56
1
30.5
27.5
81.5
11.5
41
47
-82
88
55.5
-51
-72
33.5
71
-16
77.5
-28.5
-33.5
-69
43
69.5
-96.5
-34
96
40.5
86.5
-1.5
75.5
52
-97.5
83.5
-12.5
15
-62.5
58
31.5
-96
-40
79
-36
-68.5
18.5
38
-15
35.5
69
10
-93.5
-63.5
43
-70
-35.5
49
-29
-41
13
50
19
-61
51
19
6
84.5
-3
-54
27
1.5
40.5
65.5
-87.5
-25.5
-78
-61.5
-84.5
10
-41.5
91.5
-48.5
-27.5
-19
19.5
10.5
2.5
-33
90
19.5
63.5
11
-34
64.5
53.5
-38
24
36
82.5
-14
-0.5
91
31.5
71
-95.5
-56.5
-81
54.5
39.5
59.5
-47.5
-62
42
64
-68
2
-51.5
94.5
-28
51
-18
-39.5
-38.5
91
-17
-19.5
0
-29.5
-69
26
-70.5
-65.5
47.5
-83.5
67
49
-29
81.5
45.5
-3
-63.5
19
-1
-7.5
59
38.5
4
81.5
-27
-14
-38.5
-79.5
5
57.5
-10
-94
-81.5
69.5
98.5
69.5
6
-19.5
-71
59
-82.5
-15.5
58
-32
61.5
64
52.5
75
-91.5
78
7
-47.5
-29.5
-92
89.5
51
89
98.5
-95.5
-60.5
82.5
-16
57.5
-62.5
-46
-95
-76.5
41
20.5
57.5
69.5
56.5
80.5
-85.5
92
7.5
52.5
78.5
97.5
-1.5
77.5
-43.5
10.5
-87.5
-90.5
43.5
56
-66.5
-75
14
54
-28
-43.5
9.5
-23
86
93.5
11.5
-25.5
-85
90
-94
-75.5
-62
-49
-80.5
4.5
-26
46.5
-8.5
28.5
-30.5
50
-82
-36.5
22.5
-41
-44
14.5
-33
-68.5
38.5
-44
15.5
-3
16.5
-37.5
-55
12.5
59.5
3.5
80
24
80
-65.5
86
35
-80.5
-82
-17.5
-91.5
-93
76.5
80
-86.5
35.5
36.5
66
57
-10.5
58.5
-85.5
78.5
26.5
16.5
84
55.5
-96.5
20.5
35
-27.5
-66.5
24
-80.5
-40
77.5
-35
22
-7.5
83.5
17.5
-14.5
23.5
1.5
20
-35
79.5
-20.5
-19
39.5
-38.5
-97
-14
-16.5
-75.5
89
17
-92.5
-99.5
-99.5
-75
90.5
80
-35.5
-37
70.5
-91
37
-79.5
68.5
-76.5
87
65
55
7.5
3.5
25
86
18
58
-11
77.5
-40.5
-71
24
-11.5
67.5
-67.5
-32
62
6
9
-57
49
5
-2
47
-66.5
-41.5
44.5
18
31.5
34
98.5
15
78
-38.5
17.5
-33.5
-89
49
-88.5
50
73.5
35.5
59
33
91.5
72.5
20.5
-91.5
-7.5
-12.5
-23.5
65.5
-27
-32
53
-13
-44
70.5
70.5
-35.5
17
-72
67.5
28
-37.5
-41
89
-49.5
12.5
19.5
-77
75
-59
-18
58.5
95
16.5
2.5
55
-81.5
11
68.5
64.5
36.5
-63.5
-69
94.5
-56
1.5
-14.5
53.5
32
3.5
81
-26.5
59.5
34
24
34.5
-75.5
62.5
-56.5
-75.5
4.5
-87.5
-69.5
-88
67
-7.5
46.5
-5
51.5
39
-77.5
60
-24.5
-57.5
-47.5
-29
-21
-89.5
86
-7.5
-42
74
-22.5
-85.5
83.5
15.5
85
-98
21.5
-17.5
-61
-29
-58
-13.5
-17.5
-41
37
20
37
49.5
-90.5
31
-52
32.5
-68
34.5
29.5
-47
-34.5
-60.5
18.5
98.5
91.5
-40
-11.5
-30
-4.5
-4.5
95
71.5
37.5
25.5
20.5
13
-11
98
-72
-51.5
-58.5
21
-29
-58.5
-90
-56.5
85
-55.5
75.5
77.5
-93
59.5
3
-55
-34
19.5
73.5
14
-7
-67
-21.5
-6.5
-58
-81
-12
90
-33.5
45.5
-4.5
-63.5
-51
-73
-14
-90.5
50.5
91.5
-78.5
-23.5
-60
83
17.5
21
-33.5
-56
-33.5
50
36
-61
90.5
-72
84.5
73.5
10.5
-88.5
47.5
-87.5
-72
-51
60
-66.5
86
-49.5
-77
85.5
-67.5
-89.5
-14.5
-37.5
-26
-49.5
-20
-29.5
-10
1.5
-86
-46
-98
-91.5
97
-8.5
93
-69.5
-33.5
61
4.5
82.5
44
-80.5
25
16.5
-9
-98
55.5
-30.5
77
46
75.5
-40
-46.5
95.5
50
-4.5
-66.5
54.5
80.5
-7
61.5
-59
-13
58.5
-12.5
-24.5
-24
71.5
3
-27
-17.5
-16.5
98.5
-55
20.5
57
20
88
-48.5
-2.5
-70.5
-96
72.5
95.5
52.5
-22
67.5
-34.5
-72.5
76.5
65
-99.5
62
75
-39
-38.5
12
-49.5
-9.5
-79.5
-23.5
-26.5
-6.5
-69
14.5
66.5
41
69
66.5
-39.5
91.5
5
-30
42.5
-58.5
-72.5
-38
-99.5
97.5
-9.5
-75
-39
4
55.5
-74
61
33.5
-60.5
73.5
22.5
-14
39.5
-17.5
15.5
-72.5
-90
-63
46.5
30.5
22
-50
-76
-70.5
0
36.5
-83.5
54.5
10.5
-3
-85
-51
-63.5
70.5
-80
80
56
91.5
-5.5
-55.5
9
73.5
-73
-2
-28
-37
20.5
72.5
-90.5
73
-7
-95
-74.5
84
-14.5
91.5
14.5
-4
42
14.5
-61.5
-30
-69
64
-85
-9
-3
8
-35.5
33
20.5
43.5
-23
29
90.5
24
-4
-19.5
-33
-31.5
58
76
-23
-5.5
-51
62
36.5
-14.5
-29.5
82.5
-2
-78
55
-50.5
18
27
-74
-32.5
99.5
-65.5
-54
27.5
-10.5
81.5
-91.5
2.5
-80.5
-93
22
86
88
21
20.5
-75.5
49.5
28
13.5
-73
72.5
-94.5
-61.5
-17.5
78
32.5
13.5
-80
-74.5
38
-92.5
-20.5
-73.5
51
-75
7.5
68.5
-72.5
-87
27
-88.5
21.5
55
84
-7.5
46.5
57
-6.5
-57
-13.5
-24
94
50.5
-98
11.5
33
-83
-15
80.5
81
-45.5
33
-85.5
1.5
32.5
-49
93.5
-69
-55
59.5
-86.5
85
75
-76
-74
70
-36
99.5
-13.5
-54
43.5
68.5
-61.5
-89
58.5
-41
63.5
-90
-32
69.5
61
-53
4.5
-20
-38.5
85
-33.5
25
-8.5
37.5
-49
94.5
-82
-79
69
74.5
-54
69
16
-36.5
22
-13.5
-34
-26
34
6.5
99
83.5
48
-27.5
-72
23.5
56.5
-94
-89.5
12
-56
-58
50.5
-55.5
-74
75
61.5
80
4
-65.5
75.5
73
-53.5
30
-32.5
6
-97.5
-83
8.5
50
5
-37
-82
57
-34
38
9
39.5
87.5
-98
52.5
75.5
-1.5
86.5
32.5
-90.5
16
77
-62
-86.5
28
-15
-72.5
-93.5
-56.5
-89
-90
-52
16
-56.5
-43
-68
-37
33
27.5
27.5
4
37.5
-40
23
2
-79.5
3
19.5
72.5
49
-13.5
82
-7.5
70.5
66
34
-52.5
80.5
66
35
80.5
-32.5
52.5
-62
-62
-53.5
-83.5
-57
40
-83.5
-64
59.5
-31.5
38.5
64
60.5
-7
67
-52.5
75
-8.5
88.5
-64.5
-22.5
49
-73.5
-83
-87
36
-54
-37
-46.5
45
51
91.5
67
-46
-71
0
10
10.5
-30
-18.5
12
72
-40
-64.5
63
27.5
72
-88.5
-16
-94.5
56.5
-92
42
-21.5
21.5
-60
-5
23.5
48
-17.5
-76
-41
78.5
-88.5
58
-79.5
82.5
-73.5
28.5
-84
26
-77.5
7.5
87
-21
3.5
-29
71
98.5
-73.5
69
46.5
11
-42
-38
-29
73.5
41
74.5
-24.5
-60.5
32
68.5
-50
50
-68
-55
63.5
-67
-52
75.5
-79
-81.5
41
-42
41.5
50
-16.5
30
98.5
27.5
-24
99
-67.5
-61.5
90.5
-49
-99
-57.5
-77
33
-32
72
-11
54.5
86.5
-74
49.5
-66.5
-30
-64
-29.5
-36.5
96.5
-74.5
-29
18
69.5
-16
31
84.5
-18.5
-9.5
76
12.5
-34
95.5
67
70
57
63
93.5
-16
-91.5
6.5
65
-21.5
-85
54
-13.5
19
-76.5
74.5
-60
67
67.5
26.5
-33
-35.5
-76.5
-17
4.5
-11
88
-6.5
-28.5
25.5
89
-94.5
62.5
80.5
-58.5
38.5
44.5
12
-20
0
19.5
55
-38
-8.5
-65
-31
52
-2.5
-64
71.5
-2
-50.5
-80.5
22.5
39.5
-53
-90.5
30.5
37.5
-31
96
41.5
-43.5
92
95.5
56
77.5
-61.5
1.5
-32.5
-52
-99.5
50
-21.5
9.5
-29
-63.5
-44.5
-90
75.5
-90.5
-38.5
-22.5
-9.5
79.5
-92
85
37
26.5
-84
-31
12.5
-6.5
-40.5
56
5
-70
-14.5
-11
22
-51.5
-65
38
-93.5
-68.5
68.5
-61
-16.5
-62
83.5
-15
-58
20
68.5
-6
30
50.5
-12.5
48
-75
-11
23
38
46
-85
-92.5
8.5
-51.5
46
31.5
-55
30
6
-31.5
-81.5
8
-83.5
86
-44
-0.5
-98.5
-37.5
17.5
20.5
6
6
46
-28
72
-81
-83.5
90
-91.5
24.5
-0.5
-88.5
-17
-62.5
5
-49.5
32
24.5
60
-21
-29.5
-18
66.5
20.5
22
-18.5
-23.5
42.5
-93.5
69
69
28
25
32
52
71.5
-35
-40
65
-58
65.5
26
80.5
-92.5
94
-8.5
26
86.5
-41
-6
-18
-44
71.5
29
-27
81.5
71.5
-34.5
27
60
57.5
-36
-7.5
86
-26
6
-94.5
-99.5
-37.5
43
-92.5
-2.5
58
-68
-28
2
-20
-83
6
-22
61
67
4.5
-56
-37
78
93
-50.5
72
60.5
-53.5
2.5
73
83
-88.5
83.5
-42
-90.5
42.5
63.5
-50
82
-61
48
-98
65.5
-50.5
87.5
15
-81
-54.5
-88
69
58
-65.5
-45.5
47
-77.5
-66
45
26
-10
-93
46.5
-33.5
10.5
20.5
-78
-35
-8
24
7.5
-90
-27
70
57.5
-13.5
0.5
0.5
-63.5
-63
-58
-26.5
82
-51.5
-13
-97
2.5
-41
22.5
98
-84.5
66
30.5
-74
61
-7
86.5
72
11
-15.5
32.5
-97.5
-54
-66
12.5
-79
43
25.5
64
-16.5
30
-75.5
61
-95
13.5
-55.5
91.5
32
-59
16.5
60
50
4
73.5
79.5
-75
77.5
27.5
98.5
-44
-36.5
-50.5
54
68
-93.5
-96.5
0
76
-65.5
-31.5
63.5
21
-75
49.5
91
60.5
54
-97.5
-88
-46.5
97
-52.5
-5.5
-86.5
4
-32
10
-88.5
-88.5
95.5
37
-50
54
-8.5
88
-83.5
-77.5
60
72
-24
-75.5
3
-55
61.5
58.5
81
-67.5
-5.5
29
22
-61
-13.5
1
8.5
-40.5
-73
0.5
54
-42
65.5
22.5
-25
-67
-14.5
37.5
95.5
-41
87.5
75.5
9
-31.5
1
87.5
-99.5
-59.5
-42.5
-18.5
-75.5
30.5
77
-75.5
13
-0.5
81.5
-87.5
-60.5
74
-95.5
6.5
16
0
53.5
53.5
88
-71
-57.5
-53
7.5
-43
-45.5
-39
-24
-73.5
9.5
33.5
-48
35
-13
-52
-89
86
80.5
-48
34
44.5
-30
-21
30
-72
82.5
12
84
-52
47.5
2.5
12
6
31.5
-94
65
-54.5
-77
-80.5
-78
93
57.5
5
-50.5
78
15.5
-58.5
22.5
-36
47.5
77.5
-95
-34.5
-71
37
-74.5
-4
50.5
92
85
48.5
-75.5
6
99.5
-91
34
61
62
11.5
38
86
-14
-77
-65
27
5.5
26.5
-80
49
56.5
-59.5
-79
-80.5
-55.5
79
84
-28.5
11.5
21.5
-9.5
-84
36
22.5
-9.5
91
-9.5
-47.5
26
88
78
83
-99.5
62
-87.5
96
-20.5
-53
49
-20.5
-58
-1
-70
-81.5
-59
-80.5
47.5
10.5
96.5
14
-20.5
-21
30
10.5
62
28
-61
-17.5
-89
54
-44
-37.5
-44
-20
4.5
74.5
-25
70
-42
-67
-32.5
-88.5
43.5
-36
29.5
88
-95.5
-87
-35.5
-65
57.5
-60.5
-43
31.5
46.5
16
-36
20.5
-46
31.5
-14.5
51
-99
32
-97
72.5
57
-71.5
9.5
-15.5
91
-82
-99
14
36
-59
-80.5
8.5
-70
-42
-32.5
-63
-41
67
11.5
-34.5
13
-40.5
67.5
31
40.5
-52
47
33.5
92
-62.5
-94
92
77
10.5
28.5
-1.5
-29
37
-56
-97.5
74.5
-94
-93
92
-74
-49
78
-37.5
26.5
26
-28
94.5
-44.5
-53
-47
83
97
88
-31.5
-45
39.5
-9
-9.5
-34.5
15
-71.5
26.5
-8.5
-82.5
94.5
51.5
17
-88.5
24.5
23
-56
-46.5
-14.5
-42.5
-24
-66
-31
-86
26
-50.5
42.5
-77
-69.5
-88
-50
39.5
-49.5
74
45
-54.5
94.5
-20.5
81
16.5
39.5
91
-4.5
-93
-73
-62
-0.5
-98.5
-11.5
36.5
68
45.5
23.5
-73.5
-29
27.5
93
66.5
77
-47.5
-13.5
92.5
-12.5
87
21.5
79
2
-71.5
35.5
-72.5
-37.5
28
11
-72
4.5
-76
19.5
54.5
4.5
-9.5
-46
-77.5
-56
-73
-52
-50
24
-1
33
-8.5
36.5
13
-24.5
83.5
62.5
-19
-20.5
38.5
52.5
87
64
1.5
6
-88
-65
-5.5
-10
87.5
80
-46
52
41
13
-13.5
10
-42.5
-1.5
25.5
60.5
17
41.5
-99.5
-71
-41
-47
-22.5
32.5
-27.5
1.5
28.5
-23.5
-47
-10
-37.5
-10
86
82.5
73
47.5
48
-89.5
-89.5
-5.5
90
43.5
-85.5
-82.5
87
-16
81.5
-13.5
-39.5
75.5
24.5
-44
-28.5
60
-2.5
57.5
-57.5
0.5
27.5
20
-89
10
-4
-51
-60.5
47.5
30.5
96.5
-77
-20
-30.5
-13
-54
-28.5
79
26.5
9.5
-54
-61.5
85.5
8
-39
10
-31.5
85.5
20
48
-2.5
-63.5
-51
1.5
-54
-80
48
94
94.5
-76
54
-95
-83.5
-69.5
85.5
-27.5
96
-28
-86
61.5
69.5
12.5
90
-68
-46
71
-84.5
-32
-70.5
-59
22
-13.5
-57.5
49
-32.5
-28.5
-1
-36
-50
21
96
35.5
-73
34
-82
60.5
-65
80
-78
1.5
52.5
71.5
79.5
-57
18
80
57.5
83
-89.5
-94
41.5
0.5
-71.5
-52
39.5
35.5
-60
97
32.5
-25
-4
-87
81.5
-17.5
11
-30
-62
-1.5
-47.5
-36.5
-26.5
-5.5
87.5
-67
10
44.5
-91
-39.5
-45.5
85
64
95
51.5
66.5
-82
12.5
-89.5
0
-33
90
-73.5
47
14.5
-50.5
30.5
-47.5
91.5
-50.5
-25
60
-79
-89
7
85
-91
23
-0.5
-5.5
-94.5
11.5
51
71
-85
32
92.5
-3
-8.5
18.5
67.5
-57.5
-37
75
65.5
21
34.5
-30.5
-87.5
-30.5
-23
51
21.5
65.5
-14.5
-30.5
86
68.5
-89
-62.5
23.5
49.5
-67
91
4
98
40
-21.5
5
74.5
-9.5
-89
-48.5
-46.5
74
41
20.5
-23
-74.5
-37.5
14
31
63
8.5
65
80
69.5
-28
-49
16
-6
-31
-29
-93
15.5
-21
-19
79
32.5
37.5
32
-32
-71.5
-38.5
-81
45
46
38.5
-28.5
51
99
19.5
-6
94
21.5
-16
26.5
40.5
-80
-6.5
-50.5
45.5
-31
67
-89
91.5
37.5
-99
-60
-67
-94.5
68
-79
-77.5
68.5
-37.5
95.5
-42
-6.5
-44.5
-71
13
37.5
31.5
52
57.5
82.5
-79
-27
0
-64
78
19
82.5
42
79.5
69
-18.5
8
59.5
38
-41
75
72.5
-89.5
-38.5
-72.5
34
66
-27
28
91.5
-48
55
43.5
-47.5
-54
-79
-63.5
-72
-86.5
28.5
-8.5
-66.5
92.5
-75
-17.5
7
-83
79.5
50.5
11.5
-90.5
-80
-9.5
-77.5
-60.5
19.5
-26.5
-64
-80.5
84.5
-85
53
8
8.5
7.5
39
-6.5
13.5
60.5
-76.5
51.5
-50
4.5
78
-71.5
25.5
44
-81
98
93
32
94
-84.5
9.5
-76
-22
-29.5
-76.5
-14
-45.5
15.5
95
-75.5
58
-68.5
78
38
52
-3
-62
17.5
2
-31.5
20.5
-14
-34.5
-68.5
17.5
85
-74
-60
-81
-47.5
-74
31
29
64.5
47.5
-67.5
-18.5
65
82
90.5
84.5
10.5
75.5
-93.5
53.5
-67.5
-91.5
